Coefficients: [8958.25444047]
Intercept: 27819.997303936674
