Coefficients: [8711.65664817]
Intercept: 28855.00863443841
